%DATE 30-Jun-2023
%BMTY PHO
%TYPE OutputFactorTable
%SourcePhantomDistance 900
%DetectorDepth 100
# DATA: 6FFF RDF at d=10cm
  1,  2,  3,  4,  5,  6,  7,  8,  9, 10, 11, 12, 13, 14, 15, 16, 17, 18, 19, 20, 21, 22, 23, 24, 25, 26, 27, 28, 29, 30, 31, 32, 33, 34, 35, 36, 37, 38, 39, 40,
  1,0.7245,0.7569,0.7634,0.7687,0.7720,0.7740,0.7760,0.7778,0.7793,0.7805,0.7814,0.7820,0.7823,0.7826,0.7829,0.7831,0.7834,0.7837,0.7839,0.7842,0.7844,0.7846,0.7849,0.7851,0.7853,0.7854,0.7856,0.7857,0.7858,0.7860,0.7860,0.7861,0.7861,0.7862,0.7862,0.7861,0.7861,0.7860,0.7860,0.7858,
  2,0.7646,0.8112,0.8254,0.8358,0.8421,0.8460,0.8494,0.8524,0.8550,0.8572,0.8590,0.8604,0.8615,0.8624,0.8631,0.8638,0.8643,0.8648,0.8652,0.8656,0.8659,0.8661,0.8663,0.8665,0.8667,0.8668,0.8669,0.8670,0.8671,0.8672,0.8672,0.8673,0.8674,0.8674,0.8675,0.8676,0.8676,0.8677,0.8678,0.8678,
  3,0.7740,0.8265,0.8478,0.8608,0.8718,0.8802,0.8857,0.8890,0.8913,0.8932,0.8951,0.8971,0.8989,0.9006,0.9021,0.9033,0.9043,0.9052,0.9059,0.9064,0.9069,0.9073,0.9075,0.9078,0.9080,0.9081,0.9082,0.9083,0.9084,0.9085,0.9086,0.9087,0.9088,0.9090,0.9091,0.9093,0.9095,0.9097,0.9100,0.9103,
  4,0.7803,0.8366,0.8608,0.8779,0.8904,0.8997,0.9067,0.9121,0.9163,0.9198,0.9226,0.9250,0.9271,0.9288,0.9304,0.9317,0.9329,0.9340,0.9349,0.9358,0.9365,0.9372,0.9377,0.9382,0.9386,0.9390,0.9393,0.9396,0.9398,0.9400,0.9402,0.9403,0.9404,0.9404,0.9405,0.9405,0.9405,0.9405,0.9405,0.9404,
  5,0.7847,0.8440,0.8715,0.8909,0.9053,0.9163,0.9247,0.9313,0.9365,0.9407,0.9442,0.9472,0.9497,0.9518,0.9537,0.9553,0.9568,0.9582,0.9593,0.9604,0.9613,0.9622,0.9629,0.9635,0.9641,0.9646,0.9650,0.9654,0.9657,0.9660,0.9662,0.9664,0.9665,0.9666,0.9666,0.9667,0.9667,0.9666,0.9666,0.9665,
  6,0.7876,0.8496,0.8802,0.9009,0.9174,0.9304,0.9400,0.9473,0.9529,0.9575,0.9615,0.9649,0.9679,0.9705,0.9729,0.9749,0.9767,0.9783,0.9797,0.9809,0.9820,0.9830,0.9839,0.9846,0.9853,0.9858,0.9863,0.9867,0.9871,0.9874,0.9877,0.9879,0.9881,0.9883,0.9884,0.9885,0.9886,0.9887,0.9887,0.9888,
  7,0.7898,0.8538,0.8867,0.9089,0.9269,0.9412,0.9519,0.9598,0.9661,0.9712,0.9756,0.9795,0.9829,0.9858,0.9885,0.9908,0.9929,0.9947,0.9963,0.9977,0.9989,1.0000,1.0010,1.0018,1.0026,1.0032,1.0038,1.0043,1.0047,1.0051,1.0054,1.0057,1.0060,1.0062,1.0063,1.0065,1.0066,1.0067,1.0068,1.0069,
  8,0.7916,0.8571,0.8914,0.9153,0.9343,0.9495,0.9609,0.9697,0.9767,0.9824,0.9873,0.9915,0.9952,0.9985,1.0013,1.0039,1.0061,1.0081,1.0099,1.0115,1.0129,1.0141,1.0152,1.0161,1.0170,1.0177,1.0184,1.0190,1.0195,1.0199,1.0203,1.0206,1.0209,1.0211,1.0213,1.0215,1.0216,1.0217,1.0218,1.0219,
  9,0.7930,0.8598,0.8951,0.9204,0.9403,0.9559,0.9681,0.9776,0.9853,0.9917,0.9971,1.0017,1.0056,1.0091,1.0121,1.0148,1.0172,1.0194,1.0213,1.0230,1.0245,1.0259,1.0271,1.0282,1.0291,1.0300,1.0307,1.0314,1.0319,1.0324,1.0328,1.0332,1.0335,1.0338,1.0340,1.0342,1.0343,1.0344,1.0345,1.0345,
 10,0.7941,0.8619,0.8979,0.9245,0.9450,0.9611,0.9738,0.9841,0.9925,0.9994,1.0052,1.0101,1.0144,1.0180,1.0212,1.0241,1.0267,1.0290,1.0310,1.0329,1.0345,1.0360,1.0373,1.0385,1.0395,1.0405,1.0413,1.0420,1.0426,1.0432,1.0436,1.0440,1.0444,1.0447,1.0449,1.0451,1.0452,1.0453,1.0454,1.0454,
 11,0.7951,0.8637,0.9003,0.9277,0.9488,0.9653,0.9786,0.9894,0.9984,1.0058,1.0121,1.0173,1.0218,1.0257,1.0291,1.0321,1.0348,1.0373,1.0395,1.0414,1.0432,1.0448,1.0462,1.0474,1.0485,1.0495,1.0504,1.0512,1.0519,1.0525,1.0530,1.0534,1.0538,1.0541,1.0544,1.0546,1.0548,1.0549,1.0550,1.0551,
 12,0.7959,0.8652,0.9023,0.9303,0.9519,0.9688,0.9825,0.9939,1.0033,1.0112,1.0178,1.0234,1.0281,1.0322,1.0358,1.0391,1.0419,1.0445,1.0468,1.0489,1.0507,1.0524,1.0539,1.0552,1.0564,1.0575,1.0584,1.0592,1.0599,1.0606,1.0612,1.0617,1.0621,1.0624,1.0628,1.0630,1.0632,1.0634,1.0636,1.0637,
 13,0.7965,0.8665,0.9041,0.9324,0.9544,0.9717,0.9859,0.9977,1.0075,1.0158,1.0227,1.0285,1.0336,1.0379,1.0417,1.0451,1.0481,1.0509,1.0533,1.0555,1.0574,1.0591,1.0607,1.0621,1.0633,1.0644,1.0654,1.0663,1.0671,1.0678,1.0684,1.0689,1.0694,1.0698,1.0701,1.0705,1.0707,1.0710,1.0712,1.0714,
 14,0.7971,0.8675,0.9055,0.9342,0.9565,0.9742,0.9888,1.0009,1.0111,1.0197,1.0269,1.0330,1.0383,1.0428,1.0468,1.0504,1.0536,1.0564,1.0590,1.0612,1.0633,1.0651,1.0667,1.0682,1.0695,1.0706,1.0716,1.0726,1.0734,1.0741,1.0748,1.0754,1.0759,1.0763,1.0767,1.0771,1.0774,1.0777,1.0780,1.0782,
 15,0.7976,0.8684,0.9068,0.9357,0.9583,0.9764,0.9913,1.0037,1.0142,1.0230,1.0305,1.0369,1.0423,1.0471,1.0513,1.0551,1.0584,1.0613,1.0640,1.0664,1.0685,1.0704,1.0721,1.0736,1.0749,1.0761,1.0772,1.0782,1.0791,1.0798,1.0805,1.0811,1.0817,1.0822,1.0826,1.0831,1.0834,1.0838,1.0841,1.0844,
 16,0.7981,0.8692,0.9079,0.9370,0.9599,0.9783,0.9935,1.0062,1.0169,1.0259,1.0336,1.0402,1.0459,1.0509,1.0553,1.0592,1.0626,1.0657,1.0684,1.0709,1.0731,1.0751,1.0768,1.0784,1.0798,1.0811,1.0822,1.0832,1.0842,1.0850,1.0857,1.0864,1.0870,1.0875,1.0880,1.0884,1.0888,1.0892,1.0895,1.0899,
 17,0.7985,0.8699,0.9088,0.9383,0.9614,0.9800,0.9954,1.0083,1.0192,1.0285,1.0364,1.0432,1.0491,1.0542,1.0587,1.0628,1.0663,1.0695,1.0724,1.0750,1.0772,1.0793,1.0811,1.0828,1.0843,1.0856,1.0868,1.0878,1.0888,1.0896,1.0904,1.0911,1.0917,1.0923,1.0928,1.0933,1.0937,1.0941,1.0945,1.0948,
 18,0.7989,0.8705,0.9097,0.9393,0.9627,0.9814,0.9970,1.0102,1.0213,1.0308,1.0389,1.0458,1.0519,1.0571,1.0618,1.0660,1.0697,1.0730,1.0759,1.0786,1.0810,1.0831,1.0850,1.0867,1.0882,1.0896,1.0908,1.0920,1.0930,1.0938,1.0947,1.0954,1.0960,1.0966,1.0972,1.0976,1.0981,1.0985,1.0989,1.0992,
 19,0.7992,0.8710,0.9104,0.9403,0.9638,0.9828,0.9985,1.0118,1.0231,1.0327,1.0410,1.0481,1.0543,1.0597,1.0645,1.0688,1.0726,1.0760,1.0791,1.0818,1.0843,1.0865,1.0885,1.0902,1.0918,1.0933,1.0946,1.0957,1.0967,1.0977,1.0985,1.0993,1.1000,1.1006,1.1011,1.1016,1.1021,1.1025,1.1029,1.1032,
 20,0.7995,0.8715,0.9110,0.9412,0.9649,0.9839,0.9998,1.0132,1.0247,1.0345,1.0429,1.0501,1.0565,1.0620,1.0669,1.0713,1.0752,1.0787,1.0819,1.0847,1.0872,1.0895,1.0916,1.0934,1.0951,1.0966,1.0979,1.0991,1.1002,1.1012,1.1020,1.1028,1.1035,1.1042,1.1047,1.1052,1.1057,1.1061,1.1065,1.1068,
 21,0.7997,0.8719,0.9116,0.9420,0.9658,0.9850,1.0010,1.0145,1.0261,1.0360,1.0446,1.0519,1.0584,1.0640,1.0690,1.0735,1.0775,1.0812,1.0844,1.0873,1.0899,1.0923,1.0944,1.0963,1.0980,1.0996,1.1010,1.1022,1.1033,1.1043,1.1052,1.1061,1.1068,1.1074,1.1080,1.1085,1.1090,1.1094,1.1098,1.1101,
 22,0.8000,0.8723,0.9121,0.9427,0.9667,0.9859,1.0020,1.0157,1.0274,1.0374,1.0461,1.0535,1.0601,1.0658,1.0709,1.0755,1.0796,1.0833,1.0867,1.0896,1.0923,1.0948,1.0970,1.0989,1.1007,1.1023,1.1037,1.1050,1.1062,1.1072,1.1082,1.1090,1.1097,1.1104,1.1110,1.1115,1.1120,1.1124,1.1127,1.1130,
 23,0.8002,0.8726,0.9125,0.9434,0.9674,0.9867,1.0029,1.0167,1.0285,1.0386,1.0474,1.0550,1.0616,1.0674,1.0726,1.0773,1.0815,1.0853,1.0887,1.0918,1.0945,1.0970,1.0993,1.1013,1.1031,1.1048,1.1063,1.1076,1.1088,1.1099,1.1108,1.1117,1.1124,1.1131,1.1137,1.1142,1.1147,1.1151,1.1154,1.1157,
 24,0.8004,0.8729,0.9129,0.9440,0.9682,0.9875,1.0037,1.0176,1.0295,1.0397,1.0486,1.0562,1.0629,1.0689,1.0742,1.0789,1.0832,1.0870,1.0905,1.0937,1.0965,1.0991,1.1014,1.1035,1.1054,1.1071,1.1086,1.1100,1.1112,1.1123,1.1133,1.1141,1.1149,1.1156,1.1162,1.1167,1.1172,1.1175,1.1179,1.1181,
 25,0.8006,0.8732,0.9133,0.9445,0.9688,0.9882,1.0045,1.0184,1.0304,1.0407,1.0496,1.0574,1.0641,1.0702,1.0755,1.0803,1.0847,1.0886,1.0922,1.0954,1.0983,1.1009,1.1033,1.1054,1.1074,1.1091,1.1107,1.1121,1.1134,1.1145,1.1155,1.1164,1.1172,1.1179,1.1185,1.1190,1.1194,1.1198,1.1201,1.1204,
 26,0.8008,0.8734,0.9136,0.9450,0.9694,0.9888,1.0052,1.0192,1.0312,1.0416,1.0506,1.0584,1.0652,1.0713,1.0767,1.0816,1.0861,1.0901,1.0937,1.0970,1.0999,1.1026,1.1050,1.1072,1.1092,1.1110,1.1126,1.1141,1.1153,1.1165,1.1175,1.1184,1.1192,1.1199,1.1205,1.1210,1.1215,1.1218,1.1221,1.1224,
 27,0.8009,0.8736,0.9139,0.9455,0.9699,0.9894,1.0058,1.0199,1.0320,1.0424,1.0514,1.0593,1.0662,1.0724,1.0779,1.0828,1.0873,1.0914,1.0950,1.0984,1.1014,1.1041,1.1066,1.1089,1.1109,1.1127,1.1144,1.1158,1.1172,1.1183,1.1194,1.1203,1.1211,1.1218,1.1224,1.1229,1.1234,1.1237,1.1240,1.1242,
 28,0.8011,0.8739,0.9141,0.9459,0.9704,0.9900,1.0064,1.0205,1.0326,1.0431,1.0522,1.0601,1.0671,1.0733,1.0789,1.0839,1.0884,1.0926,1.0963,1.0997,1.1028,1.1055,1.1081,1.1104,1.1124,1.1143,1.1160,1.1175,1.1188,1.1200,1.1211,1.1220,1.1228,1.1235,1.1241,1.1247,1.1251,1.1254,1.1257,1.1259,
 29,0.8013,0.8741,0.9144,0.9462,0.9709,0.9905,1.0070,1.0211,1.0333,1.0438,1.0529,1.0609,1.0679,1.0742,1.0798,1.0849,1.0895,1.0937,1.0974,1.1009,1.1040,1.1068,1.1094,1.1117,1.1138,1.1157,1.1174,1.1190,1.1203,1.1216,1.1226,1.1236,1.1244,1.1251,1.1257,1.1262,1.1267,1.1270,1.1272,1.1274,
 30,0.8014,0.8743,0.9146,0.9466,0.9713,0.9910,1.0076,1.0217,1.0339,1.0444,1.0536,1.0616,1.0687,1.0750,1.0807,1.0858,1.0905,1.0947,1.0985,1.1020,1.1052,1.1080,1.1106,1.1130,1.1151,1.1171,1.1188,1.1203,1.1217,1.1230,1.1241,1.1250,1.1259,1.1266,1.1272,1.1277,1.1281,1.1284,1.1287,1.1288,
 31,0.8016,0.8745,0.9148,0.9469,0.9717,0.9915,1.0081,1.0223,1.0345,1.0450,1.0542,1.0623,1.0694,1.0758,1.0815,1.0867,1.0914,1.0956,1.0995,1.1030,1.1062,1.1091,1.1118,1.1142,1.1163,1.1183,1.1200,1.1216,1.1230,1.1243,1.1254,1.1263,1.1272,1.1279,1.1285,1.1290,1.1294,1.1297,1.1300,1.1301,
 32,0.8017,0.8747,0.9150,0.9472,0.9721,0.9920,1.0086,1.0228,1.0350,1.0456,1.0549,1.0629,1.0701,1.0765,1.0823,1.0875,1.0922,1.0965,1.1004,1.1040,1.1072,1.1101,1.1128,1.1152,1.1174,1.1194,1.1212,1.1228,1.1242,1.1254,1.1266,1.1275,1.1284,1.1291,1.1297,1.1302,1.1306,1.1310,1.1312,1.1313,
 33,0.8018,0.8749,0.9152,0.9474,0.9725,0.9925,1.0091,1.0233,1.0356,1.0462,1.0554,1.0636,1.0708,1.0772,1.0830,1.0883,1.0930,1.0973,1.1013,1.1049,1.1081,1.1111,1.1138,1.1162,1.1184,1.1204,1.1222,1.1238,1.1253,1.1265,1.1277,1.1286,1.1295,1.1302,1.1308,1.1314,1.1318,1.1321,1.1323,1.1324,
 34,0.8020,0.8752,0.9154,0.9476,0.9728,0.9929,1.0097,1.0239,1.0361,1.0467,1.0560,1.0642,1.0714,1.0779,1.0837,1.0890,1.0938,1.0982,1.1021,1.1057,1.1090,1.1120,1.1147,1.1171,1.1194,1.1214,1.1232,1.1248,1.1262,1.1275,1.1287,1.1296,1.1305,1.1312,1.1319,1.1324,1.1328,1.1331,1.1333,1.1335,
 35,0.8021,0.8754,0.9157,0.9478,0.9732,0.9934,1.0102,1.0244,1.0367,1.0473,1.0566,1.0648,1.0720,1.0785,1.0844,1.0897,1.0945,1.0989,1.1029,1.1065,1.1098,1.1128,1.1155,1.1180,1.1202,1.1223,1.1241,1.1257,1.1271,1.1284,1.1296,1.1306,1.1314,1.1322,1.1328,1.1333,1.1338,1.1341,1.1343,1.1345,
 36,0.8023,0.8756,0.9159,0.9480,0.9735,0.9939,1.0107,1.0250,1.0372,1.0478,1.0571,1.0653,1.0727,1.0792,1.0851,1.0904,1.0953,1.0997,1.1037,1.1073,1.1106,1.1136,1.1164,1.1188,1.1211,1.1231,1.1249,1.1265,1.1280,1.1293,1.1304,1.1314,1.1323,1.1330,1.1337,1.1342,1.1346,1.1350,1.1352,1.1354,
 37,0.8025,0.8759,0.9161,0.9482,0.9738,0.9943,1.0113,1.0256,1.0378,1.0484,1.0577,1.0659,1.0733,1.0799,1.0858,1.0911,1.0960,1.1004,1.1044,1.1081,1.1114,1.1144,1.1171,1.1196,1.1218,1.1238,1.1257,1.1273,1.1287,1.1300,1.1312,1.1322,1.1331,1.1338,1.1345,1.1350,1.1355,1.1358,1.1361,1.1362,
 38,0.8026,0.8761,0.9163,0.9484,0.9741,0.9948,1.0119,1.0262,1.0384,1.0490,1.0583,1.0665,1.0739,1.0805,1.0865,1.0919,1.0967,1.1012,1.1052,1.1088,1.1121,1.1151,1.1179,1.1203,1.1226,1.1246,1.1264,1.1280,1.1295,1.1308,1.1319,1.1329,1.1338,1.1346,1.1352,1.1358,1.1362,1.1366,1.1369,1.1371,
 39,0.8028,0.8764,0.9166,0.9485,0.9744,0.9953,1.0125,1.0268,1.0390,1.0495,1.0589,1.0672,1.0746,1.0812,1.0872,1.0926,1.0975,1.1019,1.1059,1.1096,1.1129,1.1159,1.1186,1.1210,1.1232,1.1252,1.1270,1.1287,1.1301,1.1314,1.1326,1.1336,1.1345,1.1352,1.1359,1.1365,1.1369,1.1373,1.1376,1.1379,
 40,0.8029,0.8767,0.9168,0.9487,0.9747,0.9959,1.0131,1.0274,1.0396,1.0501,1.0595,1.0678,1.0752,1.0819,1.0879,1.0933,1.0982,1.1026,1.1067,1.1103,1.1136,1.1166,1.1192,1.1217,1.1239,1.1259,1.1277,1.1293,1.1307,1.1320,1.1332,1.1342,1.1351,1.1359,1.1365,1.1371,1.1376,1.1380,1.1384,1.1386,
